13002.667 13268.0
12973.332 13174.666
13110.667 13216.266
13017.333 12968.801
13134.399 13209.333
13218.932 13004.8
12919.467 12959.466
13151.466 13189.6
13033.866 13152.8
13105.6 13231.467
13115.2 13105.865
13142.931 12986.399
12961.333 13371.2
13066.398 13196.533
13118.132 13072.266
13245.599 13111.198
13220.534 13196.8
12902.132 13352.8
13038.4 13000.267
13097.867 13081.333
13117.066 12960.533
13095.199 13001.6
13038.932 12989.066
12991.732 12978.933
13260.533 13164.0
13114.665 13235.733
13071.466 13176.266
13200.533 13240.8
13068.532 13118.666
13013.867 13215.2
13238.132 13263.199
13172.267 13261.067
13006.398 12918.133
13233.334 12967.465
13155.467 12901.866
13052.801 13124.0
13112.266 13162.4
13295.199 13150.666
13127.2 13103.466
13111.467 13097.333
